Billy,Boy,54,1,4,0,3,0,1,0,5
Billy,Boy,53,1,0,0,5,1,0,3,0
Billy,Boy,15,0,3,4,3,0,3,4,5
Billy,Boy,77,1,4,2,5,0,4,1,2
Billy,Boy,80,2,1,2,5,0,2,2,0
Billy,Boy,84,1,3,4,4,1,1,2,1
Billy,Boy,31,2,4,3,2,1,2,2,5
Billy,Boy,81,0,2,3,1,1,1,1,0
Billy,Boy,71,3,2,1,3,0,0,3,4
Billy,Boy,15,4,3,4,1,0,1,2,4
Billy,Boy,48,0,0,3,6,0,3,3,2
Billy,Boy,57,1,0,0,3,0,3,2,5
Billy,Boy,75,4,0,4,4,1,4,2,4
Billy,Boy,19,4,3,0,3,1,4,4,0
Billy,Boy,87,0,3,0,4,1,2,2,3
Billy,Boy,48,4,1,0,0,1,2,2,4
Billy,Boy,55,2,2,2,5,1,3,2,4
Billy,Boy,64,2,3,3,1,1,2,4,3
Billy,Boy,20,3,1,1,2,0,0,1,3
Billy,Boy,28,4,4,4,4,0,4,1,2
Billy,Boy,45,2,1,0,3,0,0,4,0
Billy,Boy,71,4,3,3,5,0,1,2,5
Billy,Boy,32,1,0,2,2,0,0,2,4
Billy,Boy,71,3,4,3,4,1,1,4,2
Billy,Boy,26,0,0,1,1,0,0,1,3
Billy,Boy,77,2,1,2,4,0,1,3,0
Billy,Boy,26,4,0,3,0,0,2,1,1
Billy,Boy,32,0,0,3,3,1,4,0,2
Billy,Boy,64,4,0,3,3,0,4,1,6
Billy,Boy,41,0,0,3,3,0,4,0,0
Billy,Boy,37,2,0,4,6,1,1,3,2
Billy,Boy,35,0,4,2,4,0,3,2,4
Billy,Boy,86,2,2,0,6,1,1,0,1
Billy,Boy,88,3,3,0,5,0,3,2,5
Billy,Boy,40,3,0,1,2,1,3,2,0
Billy,Boy,87,4,2,3,6,1,2,4,3
Billy,Boy,51,1,2,1,5,1,2,1,0
Billy,Boy,65,0,2,2,5,0,3,1,5
Billy,Boy,57,3,0,3,1,0,3,1,0
Billy,Boy,66,1,3,3,5,1,4,0,1
Billy,Boy,28,0,4,0,5,0,3,0,2
Billy,Boy,59,2,0,1,0,1,0,4,2
Billy,Boy,40,3,0,1,3,0,3,4,0
Billy,Boy,41,4,2,3,3,1,4,2,1
Billy,Boy,77,2,4,0,1,0,4,0,5
Billy,Boy,12,1,0,0,4,1,2,2,3
Billy,Boy,23,4,2,2,2,1,4,1,0
Billy,Boy,88,4,4,2,3,1,1,1,2
Billy,Boy,45,1,2,4,2,0,3,3,3
Billy,Boy,85,1,1,2,1,1,0,3,3
Billy,Boy,63,1,0,0,1,1,0,4,0
Billy,Boy,74,2,4,2,6,0,2,0,2
Billy,Boy,80,1,2,0,5,1,1,4,0
Billy,Boy,72,2,3,4,2,1,0,3,6
Billy,Boy,34,2,0,3,4,0,1,4,1
Billy,Boy,64,2,1,4,6,0,3,1,2
Billy,Boy,78,2,2,2,4,0,4,1,2
Billy,Boy,39,4,0,0,2,0,3,1,4
Billy,Boy,34,1,3,0,5,1,2,3,3
Billy,Boy,64,4,2,2,2,0,2,1,0
Billy,Boy,34,4,3,3,5,0,0,4,0
Billy,Boy,16,3,0,0,1,1,3,1,6
Billy,Boy,64,3,3,3,6,0,3,1,2
Billy,Boy,79,4,2,4,4,1,0,1,2
Billy,Boy,78,2,2,1,0,1,3,1,0
Billy,Boy,43,3,4,4,6,1,0,3,4
Billy,Boy,41,2,4,3,0,0,4,1,0
Billy,Boy,52,0,4,0,6,1,1,3,5
Billy,Boy,47,1,3,4,6,1,4,1,4
Billy,Boy,57,4,4,3,5,1,2,3,5
Billy,Boy,43,0,2,0,3,1,3,1,1
Billy,Boy,20,1,3,4,4,0,0,3,3
Billy,Boy,75,2,2,1,5,1,4,1,1
Billy,Boy,26,4,1,4,5,0,0,4,4
Billy,Boy,36,2,3,4,0,1,1,4,0
Billy,Boy,82,3,2,3,3,0,2,2,1
Billy,Boy,21,0,2,3,1,0,2,2,2
Billy,Boy,13,0,2,2,5,1,2,3,1
Billy,Boy,62,4,2,4,6,1,3,4,4
Billy,Boy,76,2,2,0,2,0,4,4,5
Billy,Boy,24,2,1,2,3,1,2,1,4
Billy,Boy,48,1,4,3,1,1,4,4,5
Billy,Boy,65,1,0,2,0,0,2,3,0
Billy,Boy,79,0,3,1,4,1,4,1,1
Billy,Boy,85,0,2,4,2,1,1,1,4
Billy,Boy,72,0,0,3,0,1,2,1,4
Billy,Boy,63,3,2,0,6,1,2,2,2
Billy,Boy,83,0,3,0,5,1,2,0,5
Billy,Boy,36,3,4,2,2,1,2,4,4
Billy,Boy,84,0,4,0,6,0,0,1,4
Billy,Boy,65,4,0,3,3,1,1,1,0
Billy,Boy,80,3,1,1,1,0,3,0,3
Billy,Boy,67,0,1,3,3,0,0,2,3
Billy,Boy,41,3,0,1,5,1,1,3,1
Billy,Boy,61,3,0,0,0,0,3,3,0
Billy,Boy,36,3,4,4,2,1,4,2,0
Billy,Boy,45,4,1,4,4,0,1,4,4
Billy,Boy,12,2,4,3,0,0,4,0,2
Billy,Boy,39,2,0,1,0,1,0,3,5
Billy,Boy,52,2,1,0,4,0,2,3,5
